000000000000000000000000
000000000000000000000000
000001111111111110000000
000011111111111111100000
000111100000001111110000
001111000000000011111000
001110000000000001111000
011110000000000001111000
000000000000000001111000
000000000000000001111000
000000000000000011110000
000000000000000111100000
000000000000001111000000
000000000000011110000000
000000000000111100000000
000000000001111000000000
000000000011110000000000
000000000111100000000000
000000001111000000000000
000000011110000000000000
001111111111111111111100
001111111111111111111100
000000000000000000000000
000000000000000000000000