000000000000000000000000
010101100000000111111110
010101111000000111111110
010101101100000111111110
010101100110000111111110
011111100011111100000000
000110000001111100000000
011111100000000110000000
000110000001111111000000
011111100001111101100000
000110000000000000110000
000110000000000000011000
000110000000011111111100
000110000000111111110110
000110000001111101110011
000110000011111001110001
000110000111110001110000
000110001111100001110000
000110011111000001110000
000110111110000001110000
000111111100000001110000
000111111000000001110000
000111110000000001110000
001111000000000001110000