000011110101010101010100
010011111111000000000000
000011111111000000000000
000000000000101010101010
011000001010101010100000
000001010101010100000000
000001010101010111111100
000000001010101010100000
001111000000000000000011
001010101010100000000000
001010101010100101010101
000000000000010101010101
000000000000000000000000
000000010101010101000001
000000000011111101010101
000010101010101000000000
000001010101010100000000
001010101010111100000000
000000000000101010101010
000010101010101000000000
000010101010101111100000
000000000001010101010111
011111110101010101000000
000000000000000000000000