010111100100101101000100
001011001010000100010101
101110000010000010111001
000001000111010000011001
010110000100001011100000
010110100100010001100000
010100100111000001100010
011010100001000100011001
000110001000010100100100
111100000000001010101101
001011001011111000111000
011001100000011100110010
000010010110010110010001
100100000001010100011010
100111100000000001101000
010100000001111011110111
000000001011110000000010
000000000000010010000001
100000100001000100000101
101010010000000000000001
001000101001001001010101
100011010100000001101000
110001011001110000111010
101011000001000010110000