100010010011001101000011
010001001000001000101001
000010101100010001000011
111000110000001000101010
101101000000110000000000
010001010101000010100011
000000000000100001001000
000100000011000001011100
001000100000110010011000
000101011011000100011000
111011101000110000111010
000000110000100001000101
101100100000111000000000
001000101100000001100001
001001001101100000110000
111101100100000101100010
111001011010000010011000
001001001001010000100110
000000001010001010110011
001111110111000100101001
000010100000000000001000
100100011010000001010001
010010101000100000000101
000111000001010110010001