000000000000000000000000
000000000000000000000000
000000000011110000000000
000000000111110000000000
000000001111110000000000
000000011111110000000000
000000111101110000000000
000001111001110000000000
000011110001110000000000
000011100001110000000000
000000000001110000000000
000000000001110000000000
000000000001110000000000
000000000001110000000000
000000000001110000000000
000000000001110000000000
000000000001110000000000
000000000001110000000000
000000000001110000000000
000000000001110000000000
000011111111111111111000
000011111111111111111000
000000000000000000000000
000000000000000000000000