001000111000000111000000
001000110111100000011000
001100000001100001100000
000010000000011111110000
000001000111110000001100
000000100000000011000000
100000111100011000000000
100000000000111111100000
100000000000000000000000
111000001111100000000000
110000000001111110000000
000000000000000000000000
001111001100001110000000
001100000000100000000000
000000001100100001110000
000111000110000001110010
011100000001100000000000
000000011000001100110010
001100000001110000110000
000011000000000100000011
000000000111000100000001
000000111000000010000111
000111000001000110001000
000110000000110000001000