110000100011000010110000
010000000101111001101000
001000110101001110000000
000000000010111100101000
000100101001110001011001
110101000010100001110001
000001111001110101100000
001101001000111001000000
010000100100010010101100
000000010001110000100001
000001001000000000000011
000011001100100001000111
010010010010000000000011
001000100011010000100100
010101010000010000000101
000001000010101010011100
000000000001000101010010
100101010100000000000000
001100000100000000010000
100001110000010000101000
100011101111100000101000
100001110000001010010101
011000010111100011000001
011000100010101000010010