000000000000000000000000
011111111111111111111110
010000000000000000000010
010111111111111111111010
010111111111111111111010
010110000000000000011010
010110100000000001011010
010110010001100010011010
010110001001100100011010
010110000100001000011010
010110000010010000011010
010110011000000110011010
010110011000000110011010
010110000010010000011010
010110000100001000011010
010110001001100100011010
010110010001100010011010
010110100000000001011010
010110000000000000011010
010111111111111111111010
010111111111111111111010
010000000000000000000010
011111111111111111111110
000000000000000000000000