000000000000000000000000
000000000000000000000000
000000000000001111000000
000000000000011111000000
000000000000111111000000
000000000001110111000000
000000000011100111000000
000000000111000111000000
000000001110000111000000
000000011100000111000000
000000111000000111000000
000001110000000111000000
000011100000000111000000
000111000000000111000000
000111111111111111111100
000111111111111111111100
000000000000000111000000
000000000000000111000000
000000000000000111000000
000000000000000111000000
000000000000000111000000
000000000000000000000000
000000000000000000000000
000000000000000000000000