000000000000000000000000
001111110000000011111100
000011111100001111110000
000000111111000000000000
000000111111000111111000
000000111111000001111100
001000101010010100010000
000001111000000010110000
000000000000000000001000
000000011111111000000000
000000000000000000000000
011111111110001100000000
000000000000000011000000
000000000000000000110000
001111111100000000011000
000001111111110000001100
000000001111000000000110
000001110000000000000000
001111111110000000000000
000000000000000000000000
000000001111111111110000
000000000000000000000000
000111011010000110000000
000000000000000000000000