000100100000001100000000
100000001001000001110101
101111001011101000011010
100000000000001100100100
100010001011000000011100
010001010111000000101000
010111010111010010101001
101000010000100000001101
000000000011011010000110
000100001110000010001110
100001101000100110111010
010001000000010100011110
001100111100011010110000
110100001001100011011001
100000101010001000100010
010100000100100000110010
000000010010010100111000
011100000010000101000110
100011001001100011101101
000000000100000110101100
001100000001110000100000
011110011000110000000100
010100010000011001101000
010000100001100000000000