000000000000000000000000
000000011111110000000000
000001111111111100000000
000011111111111110000000
000111111111111111000000
001111111111111111100000
001111111000111111100000
011111110000011111110000
011111110000011111110000
111111100000001111111000
111111100000001111111000
111111100000001111111000
111111100000001111111000
111111100000001111111000
011111110000011111110000
011111110000011111110000
001111111000111111100000
001111111111111111100000
000111111111111111000000
000011111111111110000000
000001111111111100000000
000000011111110000000000
000000000000000000000000
000000000000000000000000