111000000000100000011000
001100000101101010000100
010000101000010101000110
111000100011010001001000
010101000000011000000110
010101011000110110110101
100100000000000100011001
010000010011010001000000
100110001110000100111101
000101001010010110000000
000101101101100110011001
000110010000011100001001
110011100000100100010100
101000011000011000110000
110010101011000000000011
101000010000111010001011
100010011100011010110000
011100000110010100000001
010110010010100001001100
010101011101001000100100
011100010010100001000001
111000101111000010000000
100000000010000001010100
100000010100010001100010