000000000000000000000000
000000000000000000000000
000011111111111110000000
000111111111111111100000
001111000000001111110000
001110000000000011111000
000000000000000001111000
000000000000000001111000
000000000000000001111000
000000000000000011110000
000000001111111111100000
000000001111111111000000
000000000000011111100000
000000000000000111110000
000000000000000011111000
000000000000000001111000
011100000000000001111000
011100000000000001111000
011110000000000011111000
001111000000000111110000
000111111111111111100000
000001111111111110000000
000000000000000000000000
000000000000000000000000